$ANSIBLE_VAULT;1.1;AES256
66346432643635626334366164356662663037326166383535323863366333336237656630363333
3935343065353833383934323334373935326131393663650a376337386137316463636637626266
30633032656637613166366235386236336636616636646166323566346134333130616161633739
6264626337356462380a393363623834613131656434303564333335633230323437663233636234
38646236323731373164366462616538323739333938316165643331356133316262316566313263
62336538373162363265366333353234383833303530643464656131373162363265643230633161
35376638303661376263663761373232303762303161353336313037393262353830313431343761
39333632623338643734323232393032386637643262383038313966656438663737396533623061
30663432656163666462303836623064386138303038326338363063623432643932353330373232
35643835646564643531306330373361656265653832313935653466303939386436306335393032
33343430366437353036633639303636636638353165333530333639393636623538303433376532
65613664303363613434
